0
0
998300
976500
525000
1993100
2054900
1993400
3967200
3991000
4180400
4727600
3173200
7483400
7231300
2530800
4817600
6080300
0
7884200
5435500
7633200
7005700
6715100
9013900
7811900
8068600
6333300
10016900
4375900
2324800
3995500
5944400
4046000
4092400
999800
5651700
5655900
4296900
5563900
3988500
10911800
4618100
7717100
4759200
2175100
3040200
1724800
0
2071600
2579300
3083100
2848200
3644500
6645600
7701300
6982000
4239400
2609800
8267300
10063400
11283300
7236600
9286600
9288800
10924500
10187100
9231100
10955200
4059100
9074800
11239600
10147800
10291000
9928700
9209000
8893600
9957700
7666000
9046900
10414900
12242100
13840800
12708700
15481700
21916300
23048400
26546600
23964100
15945400
15046000
14377200
18205900
11606000
16931000
15430000
21096600
13659700
21436100
15241100
17406000
19922900
18281300
12827200
10897100
14524200
17270000
16175100
11119200
19464200
18991000
18831500
18866400
20349500
11266400
15179700
14542800
16037000
15856700
15235400
15660100
11393600
16540500
12274600
20524600
18511900
21723200
27129500
29826800
26786800
16413700
15862200
26319600
22613700
19315500
24146100
18350700
14417600
22014500
20287800
16708600
21687600
26178000
28773900
30643400
28791000
28082100
27594000
21171800
18394800
19182600
21790900
21178000
30497200
28897700
24818600
23322000
20129400
21175300
22389700
29715100
31042400
32360300
29113800
31678200
27080100
21424000
22541900
24474800
25451500
22479100
19654200
30685400
31569000
29832400
31566500
29995700
30549500
28034600
24765500
24507400
23444100
23579900
25315300
21891200
25036400
22723400
19774200
22399700
26709000
18245300
28462700
34386900
31975500
33743900
37284100
32146800
37643000
