2672700
7964700
12646700
25116500
62049900
81136400
120014900
176835200
152298500
182601300
187148400
260713100
301933100
400430100
406292200
419288800
479490700
523916400
601792500
762910300
743273500
900461600
869453300
932591600
1023123400
1168506900
1289497100
1330633000
1727569500
2484468400
3530190100
3191009800
2139003100
2603742300
2272837800
2463799200
2852148500
3382760900
4008744000
3984396500
3458319500
3577996900
3680672100
2975526000
3230318200
3619837100
3672601600
4041944400
4816492900
4435345700
4053241100
4622291000
5623166200
5616343500
6559484200
6936888800
8992971300
7987401000
7919076300
7373813400
8975594100
8755558100
9206029300
8789857200
9712959900
9271905800
9650367500
10200183900
9704774900
11625252000
11130788400
10770423400
11230456600
11468345700
11543699800
13604177900
10896541700
11483481700
11372062200
16209088700
14894101400
13604385800
11763940100
14343200900
12798258400
12004779200
12994109600
13292959500
15735912100
19399723400
18475411800
13555017300
17093718600
17073222200
16427175100
15666886000
15910205400
17147428600
